9158
3748
4749
8511
4182
6471
2375
7690
4787
6749
6488
9754
2209
9149
8986
5511
106
6911
7734
4512
2285
1399
8859
8747
2099
2014
6970
6573
3997
6191
4717
3826
3514
8219
3640
9850
9429
2714
6007
9120
3226
4975
2039
328
105
630
4066
8837
6467
8812
2402
5668
5122
5339
3446
7112
4213
2769
6546
2099
584
9772
7440
9421
5426
7956
2197
420
9816
7829
7471
6289
8959
2631
1882
2675
7743
1276
5282
1082
2514
7685
434
6513
7276
273
4475
9177
9381
5075
4528
2623
6321
3039
7054
7129
8945
9809
2713
6354
8131
4459
2642
5327
5956
9641
9765
9309
1333
929
8222
5257
5339
9916
1819
8716
8256
8988
5613
9713
4680
6426
8200
7189
7518
9741
8138
7225
4076
5224
4568
86
5993
4352
6372
3759
5885
1640
5435
716
689
732
6891
264
7025
983
8641
4792
9203
33
2976
8661
753
4120
3774
5305
129
3081
5608
7299
5863
7755
9990
8374
2320
6809
8905
8100
3599
9194
1521
1858
1317
7135
8459
8201
7193
6904
2888
6329
7447
9795
7145
2249
6917
578
4117
6831
2096
7543
5373
3544
1509
5743
1383
8949
4843
7337
5174
1443
1646
4722
7563
709
4087
7054
5413
4224
8390
8932
2403
7171
6930
3942
5322
2304
6071
4700
7123
204
8750
2636
3548
9167
6666
4536
2990
1975
4878
3493
4334
3536
2109
2739
1005
1816
2777
3837
6218
6306
493
6127
2776
426
3590
3311
4522
7215
3388
970
1130
9314
4062
4028
3913
9130
7051
6571
2240
5425
6093
9168
9477
1662
3824
6995
618
3648
7313
9906
8800
7539
529
6573
6297
434
7561
8209
9610
2714
4807
4608
8287
9671
3334
1065
8392
3645
4636
6537
7185
9029
4636
3358
288
2258
4092
3620
7959
5439
3938
8318
7002
6455
7047
5538
3466
448
5741
9057
4272
8900
1069
2705
2133
7678
4425
9930
4014
3550
9296
8873
5637
265
8799
4548
5874
624
5893
6587
5720
6186
4847
1015
5388
3665
5314
4162
6849
679
7656
4498
3871
4386
6273
9523
8658
2027
3002
5872
4654
895
3963
1278
5679
6208
1803
6997
543
5019
7710
3772
6817
7478
3694
7872
3387
7334
3415
7792
1120
170
620
2200
5003
1272
5368
7769
1576
1730
1999
2849
5740
3877
7123
5148
7877
7422
3170
3462
3403
8728
8860
8027
9558
1302
5138
7838
8713
4969
2954
3906
4652
1871
3727
3480
2488
8057
7237
5926
8252
4504
4955
7776
8204
3587
4345
2854
6281
9479
9705
9818
907
7579
7426
2508
1658
2638
3103
6292
2717
1344
2286
7915
809
2474
5732
2502
8331
2442
365
3327
913
5439
7218
3122
3507
1454
8803
9234
3711
6639
5876
9766
5922
6247
5589
8307
6690
8786
2952
22
9720
9084
2599
4910
9963
8029
5278
116
3655
4079
3972
8569
4733
2381
1975
6698
1684
2842
6485
2754
3133
3034
1095
1436
4340
17
4728
4451
322
9830
6963
2073
3696
7284
5706
1056
4870
2573
2451
4168
849
6139
1853
4726
6738
7941
9552
9917
2227
7002
2962
7115
8837
1549
54
5027
9974
3565
2512
2098
9934
4079
7363
432
696
5354
5499
8214
6637
9007
1590
790
4907
6835
3452
5211
5237
9163
720
8654
693
5891
5807
4417
5485
5611
9014
5036
634
6958
7056
7443
4841
6400
4428
368
3204
1379
7469
3746
6885
9206
5563
6625
8763
4347
342
8316
6298
1939
3147
9873
1789
2857
4096
2409
3303
2327
3385
1646
8038
5977
2125
585
8137
8828
5922
6956
2008
2066
6484
8025
3202
9094
5765
6765
9572
2646
8175
2269
2757
4017
7397
3563
5487
9375
2488
469
8439
9479
324
9530
5118
3297
6698
8649
6432
2313
3225
3017
7417
9900
6278
9823
9031
2259
874
5247
747
8841
6746
9922
3801
4650
2418
6783
9615
8010
763
8985
2179
1967
1676
2166
3636
3052
8284
264
9331
4250
8933
9945
6922
2837
2596
8583
6730
977
509
6794
5075
1416
5532
4078
2492
3649
4230
3970
882
6125
8750
7211
7197
6705
1107
1685
5566
7195
1542
7944
8693
8100
8442
7731
3152
5665
5364
5399
589
9557
9282
306
752
2822
2744
439
4928
4378
5861
5703
6971
6766
1172
8286
7146
1570
6063
4220
1936
4309
8765
8190
5740
8921
5580
440
3805
9443
4506
5458
325
625
5885
6988
8502
1896
8099
1311
4521
6152
6019
7378
6126
8398
8962
38
3278
3607
7554
4574
5564
2092
2149
2190
9834
6271
8703
1839
9047
4367
2073
6491
6294
1723
6210
476
8090
7105
48
3292
2381
1522
772
808
9696
4660
4956
3766
2637
4931
2066
1664
9384
3109
7793
716
7812
7608
839
9305
65
9899
9798
1400
2467
2262
9621
8772
5791
9622
3892
1120
222
8361
6669
3148
9332
3778
8757
4340
9642
2490
1297
8821
4999
8820
678
9499
7693
9194
6649
1404
9552
9129
6597
4987
7490
2550
3850
3595
4905
1691
8946
96
9393
7794
640
8627
5390
2589
6930
9090
8298
112
7669
5809
9661
1452
6775
5153
9291
5480
8839
3755
5239
6766
680
7706
8085
4127
8453
6114
9116
4004
1183
80
7706
3282
6626
1248
8226
233
5062
1797
4145
633
2128
169
7007
4034
3432
5345
1088
6118
9638
6795
3466
7837
5142
3511
5953
3925
6074
3759
8893
6484
335
9941
9805
940
3575
5831
6917
8201
4341
8049
3315
2202
552
4864
8912
2041
9598
334
9425
6873
4426
2783
4045
2587
5441
8247
3369
685
9438
709
7903
9024
8821
752
9934
7508
6644
9085
7354
6546
8933
2170
9316
197
5152
1610
4884
1318
7965
6878
3010
6387
5832
924
1509
2220
9549
5918
6867
9785
6147
7561
5302
5627
5141
9576
2576
2126
3291
3477
6821
3607
9751
932
1639
2256
8939
1452
7983
1261
7896
4563
7975
1322
2818
1861
9413
9891
2575
9008
9617
1151
6638
8334
743
4858
4628
5504
7512
2238
1633
3028
7003
2845
1873
6947
4801
6334
4383
9130
1798
3329
7444
8978
5555
8289
5645
9342
2097
3365
4171
2225
9064
3810
8867
3945
661
6401
8182
4524
4506
3304
4763
3789
2655
9544
1863
9915
1782
5395
2415
231
9484
9415
3572
4479
1131
7804
286
9372
9245
6694
2180
6644
4332
9878
9798
8557
5524
9459
3902
3951
9577
9809
9899
9765
8581
5564
5085
3776
6266
4323
7263
2951
6693
3779
4989
9454
9539
8687
7895
6658
3566
5321
6366
9039
6992
5200
6460
7678
3769
1734
9408
3791
2923
5612
3510
3518
1457
7612
3877
6309
7392
2514
1890
1822
9142
6473
483
4707
6463
9886
8333
9365
6679
5619
3790
3493
8777
3058
1911
8321
8582
6587
1521
5902
4642
2892
5985
8703
9016
3437
7606
8288
3309
453
4542
7809
4066
7756
4457
6098
8547
9101
4021
2104
9884
6087
1560
3609
3724
3602
7132
89
2193
3625
5941
6450
2115
1255
6606
4441
7725
6258
738
5075
1701
7503
5894
372
2797
8592
2435
6783
5250
6257
2561
5343
1378
5691
4063
1600
2667
3634
5120
9963
1246
4626
6735
5213
6129
1905
915
4339
2420
4288
2797
3187
6540
36
2030
1434
5339
123
9302
1822
7537
8109
519
479
3756
5745
9208
2431
2986
3064
8197
3546
8735
4778
4196
1828
9602
5500
4722
1118
658
8491
2828
245
2630
3480
5066
3895
8769
287
7509
626
1956
3237
9610
1195
9854
7869
1030
1320
7183
7127
5649
9195
2570
6439
9799
8075
4104
6973
3217
352
2793
4614
5603
8123
22
7407
2430
2176
8578
2129
1541
6241
4255
3709
2285
3192
6044
2916
7790
3472
8460
676
2806
2128
5154
2907
2925
3318
744
4969
4963
6988
4895
8742
581
314
3521
8189
9326
6360
3842
3716
2474
701
1093
5241
3254
4921
3051
8666
2659
1755
5142
4721
8698
480
8651
7306
6825
585
1686
819
5451
2039
8328
2783
9910
6134
3819
1174
9726
7427
2630
8925
8791
7227
5067
5789
520
1026
1518
5667
842
6605
337
452
9487
6044
7754
5130
688
4039
7782
511
7439
8420
9462
6052
3643
6434
9256
8415
1490
5270
2049
6192
3521
7551
5814
9118
470
3272
377
9266
2934
3881
4896
7263
3435
9546
3538
4717
4597
5206
6843
7009
8946
9528
5935
442
5880
8052
4619
2395
8254
372
1367
5296
5051
3373
8199
3967
7894
1470
8337
6956
4716
1301
1977
6504
8817
606
2935
9511
717
8824
8026
4621
3575
1686
6806
1813
1776
2335
569
9902
9910
1106
2476
9538
3321
249
2005
7379
1115
6361
3577
9205
3184
9172
2318
2882
9716
5995
8478
3662
9948
9219
1447
5608
3908
6498
1968
6601
3592
8886
6454
4476
8094
9283
7893
4058
513
3719
8690
6336
7337
6140
1973
5600
6309
4297
6404
641
2074
1525
6362
1284
3045
2649
5670
1540
7212
8017
6272
5721
9491
3391
8342
5481
2971
4843
8933
363
7236
7051
3299
7066
7699
6827
7177
9074
4447
890
6527
3754
310
6817
3839
6365
1804
304
6779
551
579
9814
3034
857
9494
524
3149
5753
1375
6095
4128
2666
8633
5689
2508
3731
1727
5339
9226
3550
8179
57
8434
5471
9739
178
2225
7151
7414
9850
857
7444
5677
9573
3074
5343
9716
2962
3390
7633
3551
1922
3227
9354
6785
6965
2401
3856
8656
863
539
6969
1573
4539
4642
950
3087
1644
5589
9404
631
5868
9813
8879
222
9123
6781
5660
9170
758
7214
5812
4895
5769
5080
2625
1411
9346
8742
294
9098
2716
320
1383
4456
9316
9347
3826
4677
8964
3294
1448
2770
3434
611
5068
7178
4564
4542
5655
6611
5994
6225
3030
1700
3479
9357
9729
9441
2229
4270
9112
9937
7317
5534
2075
1056
8280
7449
326
5073
4445
1744
9848
5003
5048
4199
1823
3509
5611
4537
8658
7372
4163
7771
4475
2848
209
7550
1438
6527
4451
4718
1322
505
2591
8391
107
9539
8667
3544
8281
3399
4748
111
6864
8344
1657
6084
4781
5587
4092
914
1378
6464
6229
4080
5975
8217
250
3213
2941
3922
8878
3866
7696
7398
540
8657
2936
9666
609
8675
5548
6458
5188
7024
5028
5578
7971
8367
9385
5224
3419
4734
2187
9908
6595
7619
8062
7617
4982
688
4786
3501
5595
8133
3902
8812
9139
2464
3065
7715
6334
3279
516
9184
8746
9350
5127
9431
3625
716
2918
5064
9101
6112
7392
5980
8931
6137
2069
1853
5626
3051
1665
2757
3870
6565
2248
5631
3205
8647
160
458
2598
8016
7558
1884
6065
8422
5086
3491
3230
3743
5130
823
5638
9260
1094
2795
2488
5686
1150
3378
7769
8416
1245
7118
7435
6700
2931
2979
2841
3353
7682
9098
4524
5258
6309
6114
2733
8354
8604
8546
1336
1196
5497
6665
5401
1303
3841
2293
3573
6030
6175
130
9623
1957
2731
4811
3830
4079
8242
9468
1792
8653
8274
3224
7398
7649
5908
4518
1331
1680
5511
6150
6265
9270
2597
3778
3898
8708
4996
7727
2928
2276
59
9667
8665
9917
8046
944
2595
3986
8041
5022
544
7524
133
120
9734
8136
7657
364
8870
9907
1057
3958
4406
9202
9315
4790
2429
5607
4724
8493
6491
7949
6966
6599
931
3804
2876
2371
7526
7640
76
7342
8524
3796
4847
1388
7953
9780
6280
8216
5354
7744
9630
7460
8659
4148
968
9497
8071
9604
2388
9410
3835
4285
6436
4916
8695
1175
7622
8933
482
4406
9679
7886
89
3872
8915
2235
9627
5401
7715
9711
8676
2250
6467
9844
9348
5952
4791
1968
7404
5136
5641
2755
9988
8264
8602
9837
3644
2945
803
3740
6557
208
9846
8259
5978
9756
2278
6167
4681
8635
1872
5187
6984
1061
5668
8139
6461
6889
3300
3549
2159
7838
2967
4739
458
8625
7162
3733
8291
942
8837
6172
5257
7370
8806
6113
9492
349
3100
7892
9757
7533
5681
5705
1033
133
676
1244
7058
5892
4291
773
4020
114
7986
2039
6817
6158
5210
4290
5730
9282
5569
7560
4123
7016
4321
3341
9898
1206
6984
3399
7707
5236
3692
9157
9419
1503
5657
8716
5895
6229
6728
3757
3104
7713
2621
6418
7373
7377
8813
7671
3037
6802
9002
5957
4584
4909
8317
4601
2448
8923
3263
2820
6729
8468
7204
7707
9330
3141
6628
9679
2976
3888
6791
3143
9366
3853
2029
2105
162
6127
8039
5688
9350
2497
8709
3574
7538
8655
9997
3675
8331
8576
6661
5886
2730
3105
941
9328
7347
7198
4316
2488
9856
2953
757
7544
2154
845
2981
7615
212
1275
1148
4328
1268
5667
5046
9664
3070
7648
6453
6501
2990
6730
6029
7465
4994
1343
9211
5126
8594
4795
531
1691
6397
7091
4389
469
8097
6290
234
3977
9942
2331
4465
9117
3848
2589
4449
9718
3408
5204
138
1916
7214
5612
4812
2986
8724
7569
5011
9010
402
8274
2494
5870
8153
8979
6458
1264
3614
6098
3776
8346
7486
3041
5288
2650
7992
1666
9241
7405
3788
6145
3694
4741
110
2859
3174
5701
886
5964
375
1385
2567
934
2576
4530
8809
4893
2426
4735
6582
192
3115
2135
7326
4674
1559
9907
2488
2278
5410
5529
85
3033
5303
82
7682
665
9022
1133
9274
7748
7101
2349
8469
1515
3278
9533
3122
9125
9417
9364
9916
2192
6910
6420
8732
5394
1729
4796
4314
3053
306
9725
5297
3153
1511
5401
5055
2268
9881
5255
1237
8141
3176
6227
897
1590
6684
8275
8678
8031
7833
7733
8901
2870
8829
8212
4746
4036
8682
8121
2677
2076
9243
237
4675
2509
1268
269
5240
2423
10
662
7515
2282
1340
6544
5215
2281
5501
2343
4394
7550
7919
9188
4899
9335
5102
1179
6269
9854
4806
2318
2234
38
5553
1966
5934
6785
4865
3761
3314
5215
7431
6479
6544
1680
6189
9622
4402
9307
7638
6990
7954
1303
3776
2135
7405
8806
2755
1950
3049
5714
6521
8431
4527
4511
5210
708
4599
3920
1378
619
4432
6678
3489
9093
3880
1379
7872
395
6974
989
7083
4315
9041
3102
2319
2913
9765
8247
8737
8033
8818
8341
6312
6208
6840
9868
6520
8610
4419
4592
892
4909
9142
4882
5983
9197
5863
6839
2567
9538
2184
9189
5359
9027
5037
7206
6176
4421
8655
4943
3371
6727
6988
4587
8805
4677
200
8320
6287
2172
6436
3363
1697
1517
4297
6583
6579
6139
977
4240
5912
1998
4451
5910
6711
618
8169
3941
2343
1337
4527
9153
4566
6725
8730
5687
1654
2194
2931
2015
8341
3112
559
3149
1335
2558
9372
1335
7330
5873
6394
497
4966
8613
3315
7284
2919
7299
3112
5885
7480
3184
5802
8785
5542
5038
2434
9438
7630
4267
6990
845
284
823
5656
6836
721
2436
8516
7592
3248
5158
6805
4815
2309
2761
4381
6067
898
8114
9824
5651
1800
5886
6739
8852
5198
8630
7431
4820
5297
8020
7148
2255
1800
8655
4035
9370
2243
1474
3412
6381
3968
3116
7496
2782
441
9168
3076
7864
877
6812
7635
2475
409
2934
7295
6460
931
8547
4508
5485
6179
913
7553
5816
3759
1780
9044
4309
4465
9950
3632
4138
4311
2695
9701
7410
4662
2333
5757
1270
1004
3892
2822
6744
4193
574
1121
9775
3273
6854
6230
2045
4281
5159
4658
620
3587
7929
5982
22
9983
827
637
4884
1912
316
3858
2718
7201
1699
4571
2690
8882
4063
3790
7936
8147
2473
142
7105
7571
5398
1210
3223
6693
5448
5762
4864
8616
5267
855
9284
8002
7357
6430
7214
7528
9055
7841
6968
9820
5384
6018
6830
4004
1873
5133
2245
4659
2187
5513
6180
7366
4404
8186
3104
3597
3321
8518
7302
8404
9350
3249
7698
60
2088
7752
5916
7003
6499
1335
5730
381
8063
4087
8352
1830
9101
4856
3628
8021
9576
4086
46
1286
9383
2427
3596
2308
1198
5105
1716
6904
8292
706
3747
6019
2624
7630
4755
1189
6013
3304
2849
5175
124
5454
2715
4043
1272
8579
2776
2813
7716
9626
5842
6102
8817
8033
9343
1534
348
9128
8782
4571
9604
4508
1212
4010
6905
8821
4950
5897
9968
9240
4760
4270
9091
8185
2772
6936
389
5137
4911
8112
6595
9400
5605
2491
2726
9984
557
5087
7573
5422
7302
2879
5352
3316
497
5237
775
6495
3753
8731
4624
9755
8237
3575
552
9806
5502
4080
5977
3640
1859
7457
1769
6469
3610
6825
6747
9388
3833
5931
9487
823
9202
2553
3460
927
1509
6393
3182
9043
3312
8785
6035
7061
3250
9908
5007
8993
1661
8072
1399
7451
3897
9107
2506
9236
4917
2147
7891
6584
1704
3207
8204
7720
4822
5981
989
9167
6270
5032
18
4594
7872
7805
298
4681
2092
5499
2332
1909
2997
3860
7540
5037
5877
3948
3130
5625
330
590
5827
8394
4766
3237
162
6804
84
6974
8135
2217
5774
4455
1127
9315
9372
1268
4844
2221
7134
1838
3107
8654
8603
8312
3651
8692
2170
8144
8445
9241
798
7677
431
4980
7134
9051
819
7199
4914
8369
5973
5121
362
6139
2305
1287
2328
5769
3242
2547
2142
8499
3096
2465
4370
8791
25
114
5902
8033
7639
5559
8227
9957
5674
44
4350
8348
3429
1198
8115
5081
9515
6426
566
6951
3044
884
3464
1601
7275
4977
8702
4829
4463
8209
638
1494
6073
4684
6179
724
4285
6328
2095
746
6265
6036
3792
4572
5450
1781
1611
8779
5326
6906
8757
4047
7637
9309
3329
9760
9009
6153
4195
4848
4732
803
243
9736
3880
9078
9486
1390
1985
6015
4358
4864
6031
5409
8489
1840
5512
7574
9391
587
2818
7812
4109
6439
4726
919
8198
3449
4592
4352
5953
561
7075
3866
4758
6595
5273
276
7314
850
1528
928
2731
6762
8112
4184
1549
1210
8833
2359
9330
8237
1738
5211
7280
9524
3740
7493
7484
3889
5357
8778
8716
98
104
6538
8298
1016
2609
9674
7957
8100
4758
5792
2402
5885
546
8843
9391
6224
3195
4716
1736
3956
1579
7509
2194
1816
5307
2508
613
1436
6171
8507
3687
8057
8991
1352
8835
8414
3076
4124
8185
3000
2528
8530
1519
9068
8246
5551
5733
9780
8905
3160
6997
7621
9064
2692
9305
9241
1256
6415
5767
2077
31
9255
7368
665
7980
5799
9654
3783
5765
9246
9091
2146
312
3323
6054
9229
6739
6215
9777
5820
3774
5071
5358
1715
1078
1469
5000
6090
6837
5698
8901
5593
7325
5202
6449
1254
5044
3068
2774
3768
9560
6148
3575
6790
8851
1054
1148
6625
394
7945
9624
2219
8448
3814
3222
2371
4856
2836
1682
9071
7943
1994
2052
1668
5800
3232
4246
5156
9817
7418
887
436
146
8529
3529
7465
3398
4384
9940
9935
4306
8408
5421
374
4978
6000
8753
4921
9971
7421
7516
8844
2307
4858
8150
2385
8852
3988
9677
3959
9088
613
9374
6704
5127
9547
428
9838
563
1972
9011
5433
669
4455
5974
3295
3992
7890
2244
6472
8394
9612
3321
9237
3931
8375
7953
6197
6407
7236
5064
3780
9213
1922
5885
2528
7322
948
2917
5384
4848
30
5771
5988
1503
4076
4021
5803
6742
991
3890
6645
6482
5573
895
3134
7045
5060
8889
2868
338
4850
4476
6541
1621
2004
3658
8279
4416
6433
1448
1533
879
6803
6114
6275
1293
7017
511
6879
9520
443
927
5332
4095
44
3888
6732
9507
2533
1424
4481
8027
7300
6557
1496
6874
4960
8745
9706
7596
5527
2617
2033
1686
1542
8604
6987
8794
4148
6728
1406
9305
7195
5823
1321
2804
100
9297
6130
3979
5855
9244
1
9638
9516
2351
1768
3842
1433
3804
6429
4786
8024
4203
7734
7271
2763
9739
3376
5115
79
7987
6780
7191
3778
183
7943
8661
9331
6918
4052
8543
9797
7888
1559
2454
255
9381
4657
4591
4467
4745
5795
1112
1657
6260
305
3688
2887
7653
6438
9892
7231
7078
1613
2221
9413
5114
2290
1223
8971
9411
2422
8741
6780
7073
9577
2592
3681
1797
6967
8039
67
3107
4738
7471
3038
3846
2711
8892
9325
7821
3024
5752
7752
5619
7541
1935
4119
5548
1584
2670
5122
6684
3436
9056
3927
4306
4201
2135
1478
1105
2334
9324
6860
5886
4155
4590
5594
7573
4507
6262
2082
7079
7650
6283
5934
3407
5833
3457
6749
8322
8387
3997
9962
4532
3658
4867
8362
7591
4763
1632
7442
3102
1691
5236
6819
975
8725
7879
2419
391
4721
9500
3209
6136
2290
8514
6597
9197
9803
4935
6489
5023
2159
5896
4584
5840
9317
1156
8106
3076
1780
5311
6121
3631
321
9009
2379
2873
8290
6958
7996
8526
7789
7889
7239
6739
6098
4561
7745
2307
9329
8342
3826
6839
6010
4948
7712
9556
5568
5318
4858
29
6152
8134
2990
2169
8052
8345
6376
9424
6438
5864
7672
8672
3427
4824
9007
5452
5830
1307
949
1059
3870
4512
4969
4174
726
8021
9558
7763
5198
5789
6847
3335
3611
44
567
1665
8744
3871
4863
2473
6198
7912
8589
2975
5912
1175
3397
3031
2548
5605
4119
1106
5830
5898
9268
8265
8471
7518
7102
6883
5765
316
6268
4389
1776
4739
6871
6201
9265
694
9907
9543
1030
5971
2941
8383
4590
1905
6942
5001
894
1154
7529
7076
9598
616
5751
1211
8355
1188
3564
6966
5225
7209
7861
332
5292
239
4545
197
595
4996
6217
2142
234
5373
4589
278
2859
5770
4045
6885
888
9143
4945
7613
4696
5150
2389
3416
2604
1834
6596
529
716
9879
8303
9918
4386
4933
7610
2987
6403
3708
4100
4274
3301
7769
5170
4918
2018
4630
2486
2400
1480
5975
5297
4688
4489
8353
3810
5797
5430
6181
3369
7719
179
4490
3085
4897
5159
1625
3463
1965
9411
6529
6249
3800
1388
4923
1790
7124
8183
4889
6126
6428
2144
167
8510
2658
9942
1395
6195
3172
2630
2696
737
8318
7251
6182
692
5449
591
4494
746
9360
1465
2793
9099
5891
2323
1560
1526
8532
9486
7606
1481
7183
4228
106
8236
3479
8114
6185
4139
1355
3744
9512
4174
7240
2639
4879
5079
4648
7870
9465
4232
408
2328
7015
2478
3927
1789
7332
6558
6618
9035
8163
8794
8684
7770
9909
3327
3427
5585
5272
8606
14
3192
361
8966
9706
1355
8729
9099
4292
6311
5597
5573
7721
7716
367
8423
9657
4399
5010
7865
3353
9107
7171
3333
6072
3460
8028
5275
1385
7559
9394
5649
1119
1265
6014
5707
3432
2091
3480
9875
7984
5375
14
2948
7190
8641
8821
3689
7275
4589
6983
6045
983
2041
8234
4830
293
6438
9490
5332
7823
2841
7212
8232
7636
3152
2107
8050
8854
5971
7728
6067
9104
441
6434
3755
9956
116
1805
6968
1235
3754
678
9741
7430
1424
6141
5258
5625
6181
3467
5709
8039
1785
3755
4229
5089
5113
3157
6527
8007
5559
6677
5200
7113
6922
1002
8077
6039
1983
4011
4265
4325
9099
404
2012
8826
798
5422
3933
6568
3621
3660
6940
7862
7293
3745
1054
9720
7743
2143
1910
9680
5260
6491
1117
4958
9430
3501
5197
8499
5592
3939
864
7715
3187
6356
8096
7209
7367
1234
3658
4868
8954
4009
9188
1855
4312
5412
2119
1423
6391
8174
8299
6053
7253
806
4206
4819
8208
7612
6305
3851
9762
3833
2271
4931
5207
8283
1915
4261
8637
605
5957
1331
8439
2629
4312
3976
9677
1062
8851
4073
4196
2294
338
3594
6118
3930
8104
2381
8173
6686
2123
8421
8945
7297
4588
2248
8475
9836
1282
6707
9349
5059
9234
9640
1073
5668
1069
2499
4931
7197
2790
2522
6747
1498
7326
2866
2771
4700
110
8366
4961
2085
6609
4595
809
5471
9259
7607
3171
2172
1849
7751
7940
9960
5078
7672
4124
5739
3640
6581
411
443
9589
1463
2064
3599
6997
2595
2368
4190
9845
5900
3711
7973
4885
1258
2238
4663
6303
3251
850
6479
3396
9221
5869
8065
1141
8933
8667
6622
6123
1554
9626
4918
5795
2835
5031
2056
1594
3455
3409
3013
3504
2555
1212
9635
4284
4941
6645
6061
6524
2288
2429
9271
8519
7056
2020
9664
2162
6085
9395
4304
1179
3149
1253
5409
6725
3346
7971
2602
8208
715
8107
21
9060
2557
2540
4578
2458
4338
641
1493
2199
7218
5927
395
9062
8318
4429
586
6625
3772
1591
9014
4764
1404
4111
9151
7934
8520
2968
9832
4124
7546
304
5875
6116
9224
9298
3527
6835
2699
4597
1268
387
494
2405
6365
4949
3553
8028
4211
7095
2460
8044
8867
9474
1601
9772
6262
1426
8874
4924
6535
8178
2594
70
7073
6708
6736
6003
2310
7371
77
8231
1708
4597
4342
715
6545
6296
2318
8901
2032
3351
4427
4758
8156
336
3136
976
8761
5462
7083
5409
1098
3607
1861
8672
5924
6297
9303
7123
7410
7125
1564
9947
4770
2032
7217
5852
77
9682
8648
2541
6595
5685
3452
8488
5620
156
15
2015
9068
3693
9983
5372
9542
2317
8504
98
3553
3814
6035
7669
6880
8839
4427
9315
8170
824
4912
4366
7394
6761
1573
631
3810
8166
3011
8616
7104
6361
8193
9645
7219
5196
2507
2416
3742
1465
9647
1200
730
960
7783
8222
3971
7444
432
2628
5017
6498
8313
4178
8982
7967
7335
4406
335
2061
8181
2471
1972
9290
4681
3263
1073
2758
6450
7746
8871
1582
8397
5679
9045
682
6983
8786
6255
7759
2461
515
8417
4897
6751
4303
9533
6809
3011
6672
8576
3007
9685
5132
8498
6453
4444
6295
9836
9487
5768
7686
4324
6066
6536
337
7060
184
1240
852
6393
9885
9975
7683
9239
2458
2454
8967
9338
75
6428
2153
1351
4559
9895
905
9249
6460
4334
6171
5159
28
5633
9455
4682
7624
5106
9644
589
1487
4492
1001
7573
4371
3233
4856
4256
1056
7091
1502
7570
2266
9240
19
4042
2786
2608
4563
1907
4340
4130
1854
22
5504
2738
4226
4285
4323
1088
3507
1474
6386
7338
2581
7894
3187
7425
1894
9326
327
1160
2778
1720
1480
7241
8659
59
4539
435
1693
5500
3825
7198
1588
7085
3072
1118
787
1712
8009
4805
9834
2377
1670
8579
4587
4833
1426
4489
3921
2967
9028
892
4797
4465
4937
3028
6014
9456
4062
4084
6908
8433
5607
4596
2930
9280
3791
9225
2838
9767
9612
1527
7349
9125
3454
1469
7552
8649
340
1326
1469
365
7514
7168
2492
4928
6771
1997
1335
9660
5040
7367
2932
9206
2442
2585
2042
5411
6865
4280
8782
9959
481
152
7913
6361
3406
3755
3927
2227
7325
3812
9983
4134
7502
2778
682
9946
9225
5528
9810
3122
1924
9633
3208
5294
1294
3456
1634
4346
2203
9758
2319
8708
3309
1629
40
763
9627
2545
8309
4451
1840
846
8745
7396
6467
7229
4636
4450
5183
7384
4019
6280
4942
9333
6077
2014
9495
3407
6268
2329
5824
4751
8367
8177
9074
8922
3560
2014
5768
9332
9326
2716
163
9746
9169
9965
3102
5293
4038
8077
3160
4466
2846
9761
9667
3255
9767
8601
648
2920
2798
8068
9813
9039
1535
5187
4533
3058
9244
2422
1162
4294
4070
9922
1481
9650
746
7668
7281
3118
4203
5487
3626
9146
1688
8273
2279
1355
7321
7923
87
1360
4524
2704
2413
163
6294
4621
1130
3563
3224
518
7428
4414
7968
6826
3637
3827
5416
3948
5683
2661
8816
1147
487
4068
3891
5259
204
9142
3976
7058
70
8667
8456
3903
3613
7966
6982
5636
4452
5783
3552
4244
4202
7341
9777
3591
5885
9737
5008
7323
8389
4501
7208
2293
1332
9348
6069
1829
2920
8363
1768
7847
6299
1261
5751
6726
6408
5732
3156
3179
3353
1659
8024
9059
8641
9897
1196
9406
1971
4471
6276
2052
1838
8163
5993
6354
9877
6013
5585
4098
4735
4302
5772
1977
9576
5049
4046
6729
1538
554
8436
8663
2316
5754
1317
4695
396
8677
4310
3875
7660
9842
8074
5483
9231
3521
3221
2086
9183
7252
9339
6566
3828
3268
2041
2378
3506
1700
4847
7133
8032
7586
5497
539
8896
5418
7977
7780
4016
6229
6355
249
3996
7182
7877
6851
3774
8773
4320
580
7892
3069
5415
389
6107
4800
819
6446
9917
1202
8368
9172
9109
4482
7400
5788
763
2685
2970
4862
5056
1101
6903
437
9463
1103
5033
3698
2766
435
559
4448
2648
4764
2505
3907
857
8662
8749
7354
1261
7559
8820
979
1877
8766
2357
6845
7935
7608
2539
5897
7137
7234
9541
6314
9905
1081
7962
4203
9236
8957
6454
1600
961
9044
6790
2660
1073
9258
7308
1761
5334
6310
6207
7887
6165
792
3763
4851
1793
6847
8976
8137
4598
743
5282
8348
8030
1871
5244
9970
787
7321
5241
9765
6466
4666
2817
844
1128
8481
100
6568
5084
2485
2230
3146
792
6134
7447
7394
1989
3814
7597
9538
6099
8753
9265
2289
4450
119
787
4603
3152
5242
6939
2917
2879
1538
1021
2127
881
9630
6504
2883
1683
3894
1867
8057
7091
1660
6884
813
2960
9488
7623
4456
3821
7506
4855
3162
65
4258
6404
8266
3790
6356
5297
8564
6699
1408
192
145
5360
2469
6893
8213
926
2286
4356
4529
7161
6444
5632
9704
1860
2898
2432
3327
6311
2528
88
2878
4574
8727
2114
8979
6545
9132
3807
8565
2251
7368
4686
4710
3594
2059
1366
3986
67
7008
916
7860
9375
1916
6780
4632
7989
8752
206
987
581
766
2327
2302
8095
5241
3041
7066
4462
6293
8712
3661
1828
3053
5641
2290
8418
3315
8425
4943
4324
3826
9983
8312
2264
3183
3279
6097
937
3790
2996
9104
1500
1137
1753
7889
7142
3787
9445
4579
1896
6211
4737
6112
4520
788
9782
3018
4621
289
9736
2096
8551
6246
1897
1136
2952
8649
9867
4006
8323
159
5238
5363
3135
3404
1170
1017
5480
7858
5106
2466
4787
794
5101
4976
1100
3889
4922
3856
3470
8345
8487
6616
7502
5649
9334
799
4788
8111
9397
7996
5910
473
1640
278
1043
995
5589
6346
2985
5874
9788
7179
9284
1823
5073
580
292
2504
7512
1945
6393
5648
3019
8108
2206
8519
2603
7323
2351
1844
5488
7718
9208
8814
3567
9134
7451
3914
8951
6537
5854
3199
8296
4082
7711
261
4529
670
4740
9020
5140
8569
7059
2137
4856
2175
1291
8699
7978
6806
4718
8172
6738
4920
9195
6131
7629
2367
5500
6406
6284
5161
9161
2108
5368
5964
870
8352
3920
2930
7424
3362
2018
2485
5184
3224
7554
2246
6649
530
7257
8662
2452
1211
8076
5496
8597
5355
9000
3774
969
4026
39
5855
894
7886
7170
1739
656
229
1012
2021
5068
4334
1174
9279
2386
34
7116
6100
7708
6064
7643
6910
5557
6022
6645
615
520
780
6931
9997
3062
7098
8349
4255
6579
7337
4969
9444
8862
3543
6686
267
235
9780
6932
6444
5311
7194
5115
5022
8968
329
4612
5602
2454
1360
2799
6892
2233
9992
658
4065
1736
4522
1106
764
1595
721
945
8603
5366
5018
3157
3687
3939
5624
9505
1777
2555
5284
1618
2935
8160
9985
648
6421
4506
3357
223
9273
1180
7236
7257
5743
9618
5855
9721
7867
8682
698
9711
2165
6284
6083
8539
8029
8822
77
6352
4784
617
2596
2454
52
3082
7067
6011
5821
7926
2338
6712
2962
4373
3924
6364
3225
3993
5500
6599
6511
8675
3751
1141
5236
1362
3364
1253
1219
1098
9432
116
8591
4733
1679
9243
9208
1624
8957
7138
7165
3805
6914
4879
4428
2856
5163
4143
3413
1616
9765
5456
5148
892
4029
7977
7853
5951
211
4182
1082
1985
6317
7795
9568
1308
3304
2692
8600
8848
1673
2608
521
1187
8385
8120
6026
7529
7903
9527
821
4539
2255
5127
7848
9447
6144
141
901
8548
4836
7971
5032
5328
1296
4849
41
2521
1571
5015
4375
9956
2916
3096
6517
6381
8083
9206
8769
2875
6978
6999
5071
5119
5085
4097
7892
169
3908
311
1598
4823
425
8544
4081
123
6116
416
6012
2664
1029
325
4218
185
9377
1600
7973
9774
6653
6846
4117
7588
4537
7059
7013
143
3715
3106
7622
9926
8972
2426
254
7084
3640
928
6104
982
4767
8421
7151
1934
336
2149
2677
3427
2981
6700
2765
4427
3570
4052
5801
5670
5607
2415
733
8736
7605
7661
7410
3586
7293
5227
7527
2102
7908
5672
8034
9989
4419
2485
8964
3838
1594
8089
6411
7766
1269
1630
7169
2167
7782
6235
1617
9975
4210
9023
8650
325
4616
263
6412
4465
6315
8604
4719
2633
9569
2380
818
6364
6885
1315
4529
4653
3511
6197
9552
5158
4003
8155
9621
7814
7646
5576
5122
9865
332
8391
2623
1794
8399
9011
2326
5111
922
6866
104
4457
8820
8543
5197
6703
5368
3315
7593
5550
2937
1087
8858
2615
6755
7192
7661
6317
3741
6191
9184
8481
26
6492
8034
4700
2238
519
5767
6984
9166
5762
1000
8059
9040
5494
7543
8434
914
8969
1455
5830
1190
9161
6266
2941
5179
6936
7053
3551
1927
9091
7678
6147
3664
5824
6694
9910
8714
2724
2689
9656
9594
2639
3633
1363
4441
8837
3811
2088
8613
3385
3817
7064
4145
6296
9494
4267
7069
9503
5033
4497
2928
7945
9857
4067
9201
4905
846
2181
4870
257
7784
1482
6467
8733
3337
6036
692
9519
8837
7607
1750
136
9290
104
6175
4511
7202
6439
7134
3441
3029
3318
9453
7461
3804
7941
1715
1850
2352
3228
3078
6048
9585
2628
1037
7168
7139
4978
9396
1273
2114
6753
8409
6328
5990
7595
7987
5811
5969
8899
6722
9090
9861
4466
5249
3386
8916
1869
3480
8215
9439
5551
3070
86
175
7800
1788
5917
1138
7026
2717
2343
1613
6043
5073
7903
737
2996
3713
5832
1720
4485
5308
1702
3470
154
5344
541
9356
5695
2901
9509
4863
3811
9539
2534
2023
7564
4260
9990
284
2711
4563
3452
1259
5657
9987
6288
6447
9576
5421
65
7546
2959
8834
3890
7714
4386
927
6242
57
6414
2350
5958
7172
6139
4552
4934
7661
7602
776
2369
8468
3717
9339
2077
2928
5215
2692
7983
3667
5098
9708
3667
7868
3158
7910
169
9462
8764
944
9868
5582
1136
1078
4672
7842
1116
9185
8471
2836
3855
7053
1328
2782
6097
3480
6478
207
4721
2245
9024
4307
2830
9953
3714
4273
2174
3005
5551
9935
5806
2809
9584
6128
6807
5282
8278
8941
6569
9971
1280
1569
9255
471
3801
4445
831
5502
1442
5741
8723
813
7095
1266
4473
3232
3281
2414
1259
1131
696
4447
6732
766
8034
5314
9736
534
3068
2889
4855
9152
3747
5623
8094
7113
7023
4839
8961
9778
270
4109
6457
3231
1097
6612
8718
2077
4325
583
3361
6931
4760
1819
5817
9714
7893
3481
5528
5830
2934
42
4553
9631
5429
7643
1048
5881
5143
911
2317
6934
3877
9108
743
9102
8489
9437
8897
5485
2385
31
212
7978
8451
9608
9353
9400
2622
889
5033
5542
792
3908
5939
1137
3753
8832
7145
5017
9779
9337
8935
1760
4253
1029
6512
1007
4554
7537
7079
4643
1035
874
792
1637
8430
5224
9153
4199
3680
1829
6384
5689
1334
411
2874
2860
1620
9226
8836
8414
1769
3705
2050
3012
5159
6709
2554
3350
8498
661
8324
2499
8021
3261
8656
9909
7323
7473
6324
3936
928
2289
5617
3524
8565
5859
225
5410
9370
2639
495
6220
3211
9507
7442
2612
5306
5799
2071
3670
8885
3115
4907
7234
3171
9532
9698
6673
5088
7621
8519
1385
7730
6770
9728
6971
9128
6128
5004
8426
5774
3249
5548
3334
9887
9451
7308
8646
520
752
7277
1893
7541
9576
6240
6739
7866
826
6880
3835
6112
8186
5693
805
4778
5004
5745
9138
9603
3606
4928
6565
2453
7684
561
2209
3032
6581
1283
5853
4870
6675
5630
9333
3879
3216
4168
3354
5326
2795
6352
9881
2943
2066
1226
1256
7547
3234
2103
9037
1354
2777
7856
4793
19
6173
8896
2722
4187
5013
1420
8974
2551
5845
5519
7403
7552
4071
9366
6091
6243
357
5940
7341
353
4931
4131
4615
6250
2696
6040
2911
8401
2494
6897
4761
8587
943
2270
8922
4810
9295
1610
6428
5073
2905
3460
4314
7059
801
3246
283
1452
7897
6097
9003
8859
1599
1339
9301
8474
1716
5174
5293
2972
6071
3686
7769
9074
8159
9999
9344
1802
5160
833
4011
6501
2964
4641
3240
5748
9043
4485
1069
5486
3933
7563
5753
9391
1084
6
4118
9728
1479
9575
3499
4896
4425
1796
5182
9804
3585
727
7831
8736
6066
5574
9871
362
4970
2970
4007
7415
3023
5646
789
6220
6757
7958
8681
131
1981
2729
3342
1264
5304
845
3613
7727
6089
3854
8123
252
3544
3738
4146
6383
8434
1340
2333
4594
5150
819
716
2944
3898
8078
88
9995
9940
1446
4592
6378
4758
5480
34
8510
6168
8861
854
607
8505
3256
2868
103
9608
4380
9830
1915
9964
3479
6983
5458
1268
2047
6539
4659
409
3256
8456
8239
591
9087
7538
1640
6154
7510
9653
1373
5038
123
6843
3203
670
3367
8221
3553
9526
145
998
4696
5700
5212
6740
4909
8705
1892
3623
5493
3550
1456
7548
8620
4889
9684
1171
1761
1423
3159
8379
9618
1915
4699
1248
31
1645
6590
7643
6349
3638
7212
9096
7786
5423
8607
4821
8808
2889
1076
6406
8441
4383
7819
3925
4181
3543
9307
6998
1210
2328
1855
8905
1056
7814
1953
457
9623
2296
3762
7009
1600
5771
1171
2366
758
543
4659
8816
5767
8015
8549
1914
2722
5038
3036
9177
527
6285
486
753
517
8393
1907
5522
3996
4865
4993
4969
1312
2789
3414
4420
8318
2329
1032
4206
5518
2329
6188
2248
6013
5768
1273
8072
4822
1921
4136
9339
6525
3710
4683
2902
3176
2150
5319
7626
1434
864
2015
1238
9564
1542
6766
230
618
8566
1073
4121
7912
578
5375
881
895
1271
8053
9812
7049
9402
5298
7343
7524
5326
3484
8089
6518
4803
8030
6981
5037
2088
5423
8578
4993
3585
831
5357
1417
3987
3136
6518
5031
7260
7759
4640
513
9984
2173
1425
5565
5711
655
5465
1272
2242
3886
2496
4627
3315
9420
3400
1818
1484
3380
7698
2098
6728
8060
6284
4079
1303
5946
4792
191
5085
3584
2503
6583
8057
7253
6724
5943
130
3474
4574
5404
9709
3381
5405
6179
2380
1013
662
6005
417
5492
1721
2739
785
4234
5640
4911
4499
8531
1362
9972
1159
4663
6669
6132
99
2737
8145
1836
6169
5439
673
5749
4309
3590
5173
7146
9569
8782
5315
9953
7803
5377
2349
6216
15
2764
4755
910
3166
7823
2201
2571
9088
7767
5091
2316
1365
2725
3660
3871
4151
5147
2583
9031
3691
866
9404
4653
4551
1131
3828
2147
2669
1968
5808
3446
6853
3718
7459
3759
4185
4962
3649
9974
8874
9765
4239
9589
7217
3365
2633
4372
2479
5753
818
4501
4613
4768
7638
8526
1488
8719
44
7759
460
533
4887
9503
2521
77
316
7320
5083
2256
8189
1451
4571
5764
2932
1521
8891
6421
6779
5135
215
2653
7480
8213
8119
659
7431
9411
6321
7950
1807
2776
2891
405
7110
1081
6078
9652
1264
4075
7446
5068
9939
3693
9477
6296
7334
6628
2904
6936
7368
900
2786
7740
44
7976
6532
6399
2818
9983
62
4669
593
8803
5071
8914
5345
8791
3191
5184
4021
476
1182
3420
3429
3088
974
86
5145
4964
5931
3172
1986
3176
7251
858
6163
7317
5025
8839
6300
9206
9675
4223
5847
6020
7115
7568
907
9789
9706
4564
7918
432
1432
9587
472
1944
3033
9633
2834
4595
7673
8187
7549
6237
704
1481
7903
2942
8513
7105
5913
1452
2140
4312
4084
2222
3027
5125
6393
8895
9386
8420
3631
2155
4680
2580
9375
8601
4586
4142
9364
6965
7558
9922
7599
9705
6332
9488
9703
9319
4073
959
2988
6774
7173
2573
7292
3670
1373
7620
3711
5441
9291
5941
9885
6801
1041
2276
9408
8920
9220
1616
9188
6735
4837
2925
9226
5183
9099
6960
9276
1238
8684
4326
8779
5222
299
2353
6916
9312
1322
1649
3729
504
4737
5355
2139
9653
8455
4072
6797
1527
8973
7484
6452
8741
1578
7760
771
2179
9905
4623
3315
892
7087
8362
2584
8674
8224
6745
7262
463
6033
9071
8290
5270
4592
6296
3453
8379
2239
4946
5035
4444
3096
8613
4698
8363
5402
991
1982
1737
6658
2832
3313
1072
3077
9680
6040
5757
9161
7288
1665
1976
7748
2260
4791
737
3452
6834
6264
8553
3709
3831
1310
58
5385
5743
9658
3732
649
3918
1983
2997
7474
1912
3466
1924
915
9066
9855
1579
859
4579
2654
3454
5639
3602
1365
3948
5097
5085
9039
705
4292
9611
3594
2421
132
5903
8486
1221
3754
7297
1721
2876
9845
9626
3296
9357
8412
764
8464
560
9928
1661
8539
3847
5375
830
29
9211
3643
1836
2214
6408
5881
1665
3730
1009
5820
4056
2916
7362
4354
9276
5041
6913
4767
8939
473
1487
6485
3196
5376
3120
3477
2026
3050
5013
9663
380
3158
5042
2454
6947
3345
3313
7615
1695
9547
2211
2855
6622
9783
9582
6132
1202
1531
8647
3060
5742
2936
4013
2146
2941
1843
3712
5687
527
2338
1500
5932
5632
2498
5014
1566
2983
2485
5441
7963
9848
4729
1997
3496
582
6419
8654
437
7593
7995
5700
8536
8503
6625
5532
2550
1107
9869
5410
7504
3359
6788
1185
8634
350
4215
6217
3815
5451
4197
668
2416
4959
4880
5253
7715
2563
9773
7381
1784
8435
4405
9659
7007
1659
7113
6240
3429
4721
5842
3964
7766
2718
2086
7400
9628
2666
2838
1761
4069
9331
6965
757
7299
6266
5124
8174
9500
2698
5800
9112
6818
3894
4012
4689
1197
925
7778
5628
8452
3341
1205
5825
8251
657
4155
4757
1303
9544
5830
5217
3388
2212
3705
4002
6487
6523
2008
7324
7191
5758
824
9787
1510
7700
7813
4408
6086
9522
9059
997
7687
9609
7404
9157
4757
1132
7927
7403
7774
2732
5162
4637
4656
1010
8854
404
2481
1192
4241
7171
6024
8692
2225
9810
1945
1058
5060
5606
5567
2797
1533
7534
513
2458
569
5181
2103
3137
3519
8143
5301
3433
1397
8649
6662
3407
5743
4066
3908
5379
6787
2520
7540
8399
2040
1216
8751
9012
2717
350
9530
1875
6566
4748
343
6020
1424
731
1508
6631
5414
116
1601
229
7500
1866
5056
4769
8537
7166
213
5905
7441
2125
1197
5779
1648
7498
9578
8142
6371
6692
3212
2054
657
7171
3916
6587
7639
8453
9202
1167
2704
4623
6134
9362
547
5330
2835
9772
7286
1148
9128
182
2305
7208
3672
1781
317
4131
1713
5780
4556
5884
3321
3069
4642
7767
5925
9059
2336
2669
1860
2047
1393
9876
6711
2869
7758
3447
1220
8563
2140
6802
3088
3990
3605
1148
2249
1736
8484
816
5430
2442
1946
8314
6422
313
1197
203
1861
5776
2224
7481
6109
6475
1406
358
3305
835
7728
2300
2757
7642
542
3298
5729
5941
3714
4077
6836
4273
2184
4421
61
3075
4081
4066
9509
7120
6247
996
5377
4150
9307
540
3923
5205
1066
4283
4655
4190
446
2692
363
2566
65
1664
1920
1782
8940
5007
2302
1219
9389
5526
4715
9637
9079
8553
4732
710
5971
7941
4684
5609
3973
1754
2073
1636
7225
1908
9246
1771
8988
6342
4939
9018
2343
9922
2337
2687
3846
8854
3209
3970
7624
1078
9684
8834
8286
7361
2653
942
3126
8291
6171
636
7889
2264
5587
969
5696
8056
970
7790
814
4083
7031
3819
4535
761
4407
8787
8182
9238
5226
6387
651
649
5211
6736
3804
3344
2366
3820
3554
7810
7185
6197
4884
1048
8100
3050
8018
5609
9157
7211
9800
1824
1669
2540
6338
6428
1318
8581
5278
4292
2454
2137
8332
1509
2965
7601
2243
2233
1905
5781
2013
1462
3203
2646
1507
9920
2562
6219
6899
5100
470
725
1645
5682
9127
2593
1837
8845
9284
1706
227
947
7903
5049
8255
9180
149
8634
7239
6593
2940
8268
7243
6610
517
9508
6383
8979
8704
6718
6103
3268
3519
2098
4482
6748
7795
9967
4205
3297
3810
5815
6008
8711
9898
8502
534
8579
912
2607
2670
9370
9281
5925
9998
6218
6138
9924
4927
453
2882
9130
1715
2422
7924
7813
8267
578
395
745
9813
7356
7751
7630
2915
9092
8796
4996
4391
6989
7689
4644
2858
8489
2374
5765
4924
7268
6742
2888
5413
3818
7260
4928
9738
4182
7050
5569
4908
648
4069
740
2378
7009
1188
1892
8758
5454
8807
9352
6949
3151
8901
8637
5248
7395
8029
9263
9848
1746
366
6053
6758
246
8658
7734
5888
3079
6117
8603
3528
306
5572
6259
2863
1685
8512
8941
7782
2169
6497
8437
6645
8061
3879
7822
8308
2043
8124
1656
3510
7577
2550
7263
5094
6574
3224
9264
8202
8190
3048
9800
932
3284
1403
3930
1432
5532
7324
8301
5767
6906
3436
2768
4137
9306
1444
4987
954
3029
966
7811
8955
236
8881
1113
969
4004
6050
6561
5355
4623
5640
6218
3684
9875
3744
2478
4905
1241
6431
1975
3021
5860
126
5452
791
6987
7471
2375
4501
2277
9326
1781
4282
3360
9283
9785
4530
9982
4852
8173
6039
4925
3224
5174
7148
5313
6038
1922
4630
7425
8235
9969
5323
4826
5834
7597
5346
5060
3405
1096
7898
1215
4314
5505
7431
8281
7762
5250
3095
3855
6019
5129
1346
1165
2892
4384
9792
8420
7088
9067
4324
8535
7636
7406
6406
6050
4291
5656
3695
4264
5650
8464
4669
9992
9741
9435
1846
2554
4831
6567
1290
3003
9057
3688
2673
5987
3866
3660
8915
6095
1972
6892
86
2800
3455
7521
8386
6192
1663
2401
9681
7644
2129
9445
8546
9810
9627
6904
2524
2824
7168
8686
7232
7350
1651
3710
9111
9058
3587
9854
1770
2534
4293
3881
6049
6480
6352
9776
3731
2902
369
5370
4284
9667
5262
7785
6220
1027
2424
9467
6716
6679
5481
4441
8444
9749
8653
8928
7528
8719
1150
4041
8105
1598
7959
9015
9239
9659
6570
5853
1532
8057
4236
5305
5012
515
3998
7601
7025
7886
9447
1401
3947
7082
1357
7117
1236
7450
7091
2705
2137
5374
7036
4915
7028
7673
8414
3994
9262
2948
7233
6061
6259
3934
5046
3810
30
318
8485
2897
7027
903
9902
3413
5275
4854
2337
3631
7930
6747
3226
3942
1468
5618
2772
1583
7310
7677
814
4772
8138
9376
2058
5508
3514
9816
2162
184
3437
4104
2982
9293
1815
8594
8352
2803
114
7375
553
8961
8371
9643
8452
1170
3640
4464
2423
5280
941
9789
6587
3035
365
9890
7673
678
981
6139
2612
6543
7045
343
3173
1929
6400
2259
673
8
4995
3448
5000
9576
7650
6398
2662
5034
4686
9115
5900
2379
6595
2509
5177
4275
4093
7695
7649
5783
970
5291
2496
2924
9659
4652
2664
985
3940
2943
437
8071
1651
870
7378
6216
7037
9160
9157
720
6132
7321
4917
7125
2708
7617
3356
9455
7917
667
5607
3163
7195
2780
3434
1746
8385
8062
9408
9729
4149
8617
2144
261
6228
9213
6156
7428
6662
2413
2547
5131
9964
9979
3462
2144
6694
1693
5000
4099
2433
1913
8398
4278
3166
6819
6566
9429
9213
4079
5667
8420
2424
8132
7590
9669
7692
5184
3257
6242
5058
4514
8086
8588
3917
1848
2820
3153
6715
597
5857
8388
2014
1806
9995
9468
3045
8274
776
2778
2323
3012
2613
9800
6897
9046
8955
9787
1135
6164
1678
3813
2213
2394
1408
7642
6856
4866
5683
7788
4889
6158
6891
1845
4039
4638
2753
880
8580
5519
3060
4533
9493
3345
1161
4079
9715
4914
8804
1532
2031
7004
3023
5392
6771
8296
4983
3350
3539
2158
102
4165
9394
9467
6266
6330
3760
3101
9509
6056
2161
4925
2990
728
2473
1177
1924
927
852
7405
2211
3947
4466
8781
7855
1385
7695
4146
9693
3238
7713
191
3601
1679
6378
9087
5314
2680
1214
7390
218
3734
8766
848
1210
1002
2626
2257
4218
2842
5318
8697
1213
6893
8539
2571
5843
5314
9134
7132
1240
7101
4454
4315
9833
5184
7815
465
6919
7539
115
2133
5781
319
9328
2332
6620
9756
4245
8428
2301
8229
894
5180
4214
3765
6207
8826
606
4176
1508
7384
2490
4592
4631
4211
1618
5051
9275
8354
6814
7485
3398
7000
1001
4103
3115
6341
8408
6628
2789
7487
4324
4916
3983
7785
7586
3367
80
9069
5300
3815
7813
6059
1721
5714
1303
3806
9487
6963
9195
1399
1881
3228
4248
4313
9323
963
2467
544
1362
5110
6790
4878
8497
7019
8687
7140
470
5592
3236
1305
74
7627
9541
9978
6680
4040
2714
2718
949
3134
7803
677
5149
7572
270
2924
2927
7813
8187
1808
6974
9524
1852
2317
5624
7790
1168
7249
7300
715
7519
6929
9444
7584
7943
3960
3722
5541
5460
408
7143
4878
4143
6734
4830
9800
2205
6519
2840
4833
2008
8584
4992
8404
332
2847
9806
9329
9127
6820
3409
9797
2851
5819
1541
3994
2208
7016
8181
4733
1546
8351
3050
1336
7226
7768
177
9244
1177
3580
8186
989
6062
78
893
1626
280
2824
2663
2871
7512
8049
6594
8697
7750
2104
8098
1229
1092
4352
4268
9141
7375
184
6721
4960
689
6422
6920
9861
8740
6255
7082
1836
5649
2949
1911
3001
887
9390
8566
9590
5687
4941
8105
2251
843
703
9135
4077
2407
644
4578
9184
7575
2711
5841
4906
6168
7724
3865
2102
8164
70
3964
6978
6437
3730
8051
2165
8250
6755
6095
5616
8007
9082
5963
3952
7238
6546
1086
7229
5964
7110
2653
163
759
1232
2365
26
7475
6462
3782
2276
2156
2531
8691
9938
365
9847
4485
5571
9415
2444
4968
2987
2333
7662
525
3900
9548
3494
454
6339
728
3644
7840
9537
3762
7494
3546
9636
5254
2993
8165
6370
880
7050
1956
4850
446
1770
2450
6646
7553
588
258
2105
4653
8124
6705
4145
5520
6894
4665
7745
9071
4728
511
894
5932
4797
1036
6716
5140
4023
6152
5012
1013
2240
706
9204
8988
2814
7068
4243
6476
1528
83
4719
699
4937
4125
6773
6806
8655
2923
5052
5237
2992
5118
2399
7433
187
1910
4293
7474
7238
5685
4783
1438
3689
5281
5309
6347
70
6377
1197
3469
1172
4351
2881
1914
2999
7428
7612
6915
2189
7921
2745
3614
9511
3473
2615
3950
6498
5884
4261
2148
1713
7758
2422
9039
2057
2103
7681
5934
1241
3627
5641
7798
6659
617
5715
9232
4235
8169
6329
3130
4460
7535
1114
8509
3377
5052
6475
814
7975
7155
1262
542
6892
5737
2686
4780
4595
7125
6564
6107
5288
8088
9721
6734
26
4534
3113
6735
3402
8770
272
4911
3439
7384
9988
7383
8963
3875
6734
8125
1965
7967
4294
2595
9931
3176
858
1770
5692
2018
7258
7364
760
8178
2020
4406
6285
9289
8183
428
727
4257
2934
6134
2538
672
6603
4640
8927
5930
8277
7056
4313
7619
9039
3672
4435
1297
8094
780
2600
9472
7463
1965
3470
6751
3723
9124
6799
3287
9201
5818
2950
4444
8862
292
5043
1596
1331
9820
203
2485
7906
3626
8943
2387
7790
1153
9318
5783
4127
3286
5722
3811
7727
5084
3596
593
3908
1771
725
4116
6794
9919
7419
118
4140
8588
4700
8736
2015
5406
2201
8280
4284
3535
9250
6292
7399
8930
8122
5118
7264
77
2327
9920
6134
2147
3096
8302
8579
767
9043
6978
6168
8285
8362
9667
8725
50
1593
7551
7237
6332
8943
5735
6996
8115
2055
4538
5758
3519
2226
2841
3638
9267
8210
6522
1759
5832
6181
1561
2587
1764
7468
5080
4301
6473
4327
1606
1645
3722
1600
6382
760
2744
2336
2150
4832
1467
5938
4280
4423
3483
3442
4862
1988
8943
9392
5894
352
9244
8215
325
6944
8495
1141
9752
6095
5719
503
4837
4406
6393
6531
736
5851
9878
2209
6570
7780
2234
6726
7123
2598
7771
3342
8928
6622
4610
821
5352
6203
2406
5923
8456
8199
1875
898
774
1712
2906
7741
4675
3623
3346
5974
7434
4563
9436
6676
1525
2691
9268
72
2462
3487
3715
3722
6451
9689
1410
389
2339
710
5865
6955
1621
499
8629
7670
5623
9221
1239
7277
5796
7377
7481
2655
2447
2981
3468
895
5260
913
4766
5771
7278
6725
3943
5691
6491
8921
1010
2915
1291
9827
5720
645
5647
9592
7095
8470
3247
322
6962
3099
1900
7978
7683
4896
5892
4387
3420
1684
9779
531
9402
5525
4886
2110
9306
4355
2908
5376
550
8372
7749
1047
6728
1892
7964
5179
9855
7798
8785
4075
9487
1899
8511
2102
2851
1661
4364
162
8974
2425
9375
5980
2239
4200
8251
7644
8962
9432
6506
564
5458
1019
6133
9142
461
7996
431
479
3665
5097
8226
68
6754
545
9921
151
7069
236
5020
358
5702
3697
9570
1328
8974
72
7793
7125
4577
637
6697
7081
8779
4669
4638
5204
5194
7681
2556
1097
1487
1412
3877
8641
1166
3970
3734
9235
4085
1887
3223
2003
9690
3376
65
1876
4973
7626
107
6507
8044
4278
861
6738
2484
6974
6629
7029
8965
4951
6103
2988
4671
5610
8143
3382
1705
9632
498
8190
9152
5578
1122
9917
1084
2475
1873
4956
3934
4738
237
5347
7094
4759
8634
3283
3666
3489
5501
9277
2592
6898
1844
541
3572
7105
6227
6902
1205
7809
6345
8923
9361
1554
8033
6071
33
1252
9268
1626
6744
8900
4044
5953
2405
4581
5780
593
8935
764
5915
1327
7760
3639
535
9295
1026
26
7013
5367
5222
3992
4367
3326
6876
2971
2567
4167
7901
6609
5936
3108
6908
4051
348
569
2731
9122
9343
1119
3705
9200
8754
8433
5753
2201
9556
534
7918
7420
4891
5355
6066
2521
4536
9468
3238
6457
6568
2879
9924
693
7815
1758
7120
5636
1408
8847
7885
5460
8735
6033
6155
3188
4903
7989
4206
6187
9311
5111
1595
9721
1511
4887
1115
3273
2232
4985
4802
719
5385
549
2329
660
1903
427
9575
2618
2364
2407
1502
9614
808
1980
2306
4522
7469
8161
8981
9396
7996
8197
6381
5014
5661
5968
1847
4042
1795
3399
3844
8674
2654
6779
6305
6130
9050
4479
245
427
8885
4404
836
7828
1806
2356
369
5926
5529
5143
4864
613
5183
8676
6936
7222
5906
1160
3495
7874
6798
6828
2560
8438
2362
6422
4544
4147
7182
8543
2319
8152
4719
7820
7153
8042
598
6955
8092
3278
3486
204
9764
3315
6604
3241
6417
9727
4041
1812
8002
3380
8043
3372
27
3374
9890
9531
1114
9003
6878
638
2648
1144
1101
5234
3162
9989
9602
6151
7495
4276
321
7124
9364
3843
3031
3240
3019
9618
4967
9368
5963
4467
7471
889
8408
9247
8569
9100
6611
6047
9949
9025
7492
6221
4308
9081
4819
1831
6183
1548
1655
7708
6086
7523
4454
4471
2372
6100
1195
1974
80
4552
9973
4950
7902
9114
9419
2060
6164
3022
3806
6706
5793
1019
6551
9324
8583
7046
9088
9078
3497
9533
8063
1740
1120
365
6956
5781
4792
8817
4083
3821
3431
839
3333
5262
8685
4496
9097
5834
2278
2068
7760
4664
9101
7360
5478
4152
6395
9822
9732
36
6397
6590
3091
8454
2515
6518
7563
6752
6581
2243
6969
9884
1408
955
3791
3120
9070
3393
117
6605
1092
8308
8317
4325
2516
8421
2212
7702
5827
227
3781
5303
9493
8452
2087
9998
7764
3842
6791
508
1648
4735
2768
5446
720
2375
8054
881
1014
6225
3363
3528
3265
7793
5049
3005
8764
6909
9781
2202
8948
1178
3061
7571
6631
2898
576
4634
8487
6516
2915
3197
3389
7545
5021
7216
4363
5854
5120
3187
5242
3491
7863
5265
1410
9214
2007
7300
7848
4301
350
1367
2849
7719
3832
7098
9813
1805
3921
8972
6751
3954
5349
2168
4433
4036
1970
5902
4948
8246
8351
4972
380
8299
1862
3593
4602
6705
4924
7775
5484
5528
9378
4691
5183
6957
4196
1281
7653
9544
4318
1064
3233
2062
7471
4576
8398
4420
7205
435
2495
6833
7448
2447
770
8046
8611
9479
5646
6844
1740
4048
9308
9154
3605
7119
6018
5714
4059
8941
697
7927
3548
3204
8096
8686
4902
1640
2233
7837
1386
4853
4050
5812
4575
800
7342
7071
7890
3661
9138
1701
3003
2925
7260
8640
219
6642
7020
7017
6658
1409
9799
8447
4126
7457
4528
3284
7005
3334
7175
6308
2419
7637
4110
2659
1191
5828
1766
354
4824
8880
9577
5006
9117
9497
7392
2741
7961
2798
1428
3365
5213
5633
6769
2819
9608
1862
7703
4309
2762
6013
6378
2509
4838
7370
2426
6642
3765
1325
5421
9948
9143
963
9463
1788
4757
472
8908
2278
5762
3095
6748
5196
1264
3137
1853
8120
718
3813
9223
2709
9999
4945
2120
2939
7622
8262
711
3445
9117
2305
9878
4337
6213
8155
5425
6547
5672
9535
8276
5350
7914
7523
5672
704
6254
1941
653
225
629
3299
5108
3128
5217
5319
2627
9506
3112
925
9436
1248
531
4787
7623
2291
7558
8236
7163
2055
6170
4928
220
2441
7590
9332
5006
3575
7501
5281
9767
82
7824
4148
4675
5698
548
9089
929
3799
6126
5733
11
6311
9035
9655
1571
2360
5980
7529
904
6012
7231
3665
2840
1732
7017
6494
6575
1123
3887
4106
3630
7216
1763
2411
9431
5655
4011
2885
6164
8829
9582
6128
6920
4733
7080
2145
1181
4276
1005
7831
7308
2661
8954
4181
3148
6314
3175
2135
625
2233
1224
4610
70
782
7075
1005
8277
2602
428
9174
9746
7112
6795
4402
9848
72
3871
9989
7371
6682
9853
3210
8477
5096
3632
336
6604
2304
2036
3057
1192
3821
9358
5903
2610
6913
547
4189
7184
1121
9401
248
5614
5277
5690
3777
1278
7002
7684
3543
4960
7854
494
6741
4940
8872
7622
6566
3548
5337
7381
5360
9495
5331
4211
2708
5000
3484
7463
65
1661
207
1127
7231
875
7839
510
5775
3023
969
4299
9036
2032
4501
1318
6989
6224
4424
7613
2363
9632
8906
7213
8970
7427
4463
3468
3733
5323
2243
4515
3850
5456
3239
8458
5679
3375
3731
3803
3776
4703
5639
5128
7575
5070
7202
1800
7126
2330
1870
5580
8163
5724
950
3936
5729
8111
2692
29
2119
9503
3771
6524
127
2988
8414
9493
2429
4925
4828
1189
7401
4801
937
6990
7148
8304
1226
9784
1219
9745
6236
5
3139
2885
8769
6595
57
8448
9448
6138
5452
4520
616
6085
5858
2485
2537
6301
4572
3353
6286
4641
6718
1785
7939
642
9567
2345
4800
7195
329
934
615
3086
5342
3165
3952
4168
3047
6025
7709
7
1386
8186
5148
1618
9544
8384
5274
2534
8735
5750
4286
6786
8099
1452
2457
8
8516
9869
5592
4932
7532
4032
4339
440
5639
2649
3862
1878
9247
8831
8393
407
932
2281
8429
4696
7636
1729
2182
8932
6140
6762
5712
5484
27
1630
6559
5700
4431
7888
55
791
2879
5889
7188
2458
2932
5854
3959
302
8645
3926
8862
9983
1134
4136
1775
1177
7083
6059
6433
8539
8902
7256
7814
9428
1371
7698
5945
1001
5893
6934
9216
1160
6343
8957
2270
727
3289
1422
7624
8454
1340
6208
6577
8419
3532
6046
2165
3516
2305
9667
5662
2638
9282
7092
5351
364
3255
2637
3370
3900
5960
6963
3560
7500
7864
6137
5877
8802
1304
7422
9644
6016
1065
2500
8631
6214
7410
5004
1299
9570
7482
5916
5635
9106
306
1922
4996
4586
4338
7074
6296
9009
7038
3691
834
6598
6453
264
5068
6432
8902
8755
2488
6835
5040
7476
5602
8190
8020
1095
2958
705
5977
4523
7267
539
3804
7734
4403
98
5105
4678
7750
6348
5962
9074
7538
2906
3571
5343
5881
8805
3656
8751
15
4272
2676
7748
4951
9485
7703
2691
4953
2875
7778
9139
5057
5741
3458
2132
2311
5750
4743
3084
5879
8129
8560
4796
8621
2893
1909
5938
5615
9381
81
8424
1142
6877
5082
1321
4953
5880
2926
4756
6680
6055
5019
