409
454
610
913
232
674
845
528
263
279
558
889
795
837
401
926
568
296
315
666
715
530
493
177
536
970
907
624
759
256
595
379
954
635
145
354
201
9
24
727
590
195
754
70
661
443
704
849
91
506
157
607
616
10
164
577
62
709
547
585
433
169
527
599
169
872
935
737
146
40
596
981
997
643
701
199
335
460
210
2
543
111
23
941
445
331
688
539
78
672
875
774
412
647
984
394
986
778
445
362
813
400
415
97
39
293
219
598
277
356
507
757
159
18
692
710
64
737
443
485
195
37
320
533
581
534
659
857
346
723
58
633
416
623
44
29
464
883
480
113
243
312
943
477
648
143
145
256
339
591
747
824
818
433
757
481
585
620
930
136
125
352
633
834
974
273
552
438
357
322
824
483
829
875
171
399
318
409
546
942
132
825
187
835
134
880
472
830
618
258
219
762
310
885
69
906
322
57
382
159
433
574
78
928
543
650
170
151
36
598
835
612
261
291
896
840
412
494
475
704
238
518
953
444
106
718
979
99
34
739
538
733
90
811
39
77
117
64
968
224
526
664
175
486
412
162
564
180
311
719
11
828
575
259
864
458
509
407
183
451
872
620
72
796
193
949
47
748
475
801
26
791
625
148
475
840
20
826
397
251
204
855
364
868
867
438
605
743
585
819
597
541
458
815
181
935
276
504
186
603
293
498
19
896
97
407
875
311
40
774
455
864
158
410
146
374
557
346
283
712
637
152
720
197
651
809
492
411
527
480
467
716
31
567
807
622
297
691
675
446
350
858
44
32
578
268
296
85
248
315
22
57
115
817
629
247
367
100
313
172
533
225
48
541
741
114
226
358
694
237
399
232
81
315
394
294
916
160
859
245
346
878
499
269
15
657
864
216
353
591
888
605
363
22
427
681
51
457
881
260
995
369
762
651
941
972
76
136
279
604
63
106
21
166
37
105
678
573
413
178
695
540
94
587
508
949
217
757
277
672
703
755
837
442
849
243
709
57
7
407
463
418
696
560
95
992
144
817
172
714
167
339
924
911
902
690
517
168
413
547
768
386
512
432
855
270
8
714
479
63
253
10
993
24
617
76
371
647
848
88
380
410
196
582
620
924
341
669
433
140
477
297
262
723
49
783
190
976
659
565
662
801
68
59
713
784
216
816
53
440
234
515
858
994
894
95
267
712
701
537
869
565
915
169
484
968
244
683
21
627
709
385
502
404
784
255
850
351
575
602
912
117
17
957
915
878
66
506
541
183
468
26
700
703
676
401
566
900
783
673
481
821
884
289
299
331
763
257
744
17
602
701
722
341
673
788
403
458
235
556
150
563
973
339
635
206
691
476
593
35
494
916
597
872
122
569
673
914
35
558
768
586
391
333
662
82
310
842
381
634
255
871
922
819
237
833
701
494
638
774
271
706
915
74
966
905
835
357
876
614
331
194
134
14
888
190
472
144
797
731
142
857
480
337
93
672
534
744
663
755
791
244
430
524
868
741
456
420
773
849
808
755
639
121
837
401
987
261
748
723
873
916
161
333
835
509
915
152
926
787
765
449
451
120
752
390
845
913
934
997
906
82
193
675
36
486
26
806
90
484
814
848
111
321
59
912
220
679
448
871
553
623
938
419
702
392
818
755
232
315
492
312
224
266
219
68
565
933
136
419
337
713
850
874
489
766
79
32
846
523
264
47
905
319
930
511
612
535
849
504
291
343
879
977
785
791
578
618
398
788
116
306
662
391
892
902
245
350
690
47
879
621
519
807
980
441
938
215
248
825
695
848
441
633
723
708
145
428
323
992
156
861
289
649
443
890
88
23
334
190
647
258
577
41
105
680
869
487
710
697
839
978
890
543
598
892
891
725
990
389
416
322
689
268
956
74
757
326
530
842
929
217
235
390
97
204
59
160
249
253
377
791
157
718
237
474
695
949
716
351
722
758
510
37
83
151
521
122
928
680
286
346
769
276
449
293
162
105
455
683
346
952
224
438
638
729
867
444
375
471
57
512
378
715
361
348
582
584
819
349
152
930
656
67
770
931
286
628
786
524
562
308
878
788
790
330
134
424
842
450
690
15
398
2
442
785
526
572
452
748
918
967
888
962
741
114
800
682
862
302
283
945
720
551
817
405
656
231
640
390
749
751
564
761
617
307
390
578
583
160
115
934
119
236
29
835
471
602
992
428
172
537
690
52
590
305
645
382
337
497
361
231
959
71
202
505
779
373
673
860
457
972
926
867
722
520
723
713
603
88
812
990
908
152
291
345
774
93
576
364
